46
358.0 114.0 151.0 112.0
151.0 112.0 141.0 312.0
141.0 312.0 256.0 343.0
256.0 343.0 473.0 370.0
473.0 370.0 539.0 258.0
539.0 258.0 434.0 214.0
434.0 214.0 360.0 118.0
415.0 324.0 415.0 324.0
415.0 324.0 376.0 325.0
376.0 325.0 362.0 368.0
362.0 368.0 381.0 411.0
381.0 411.0 420.0 412.0
420.0 412.0 435.0 363.0
435.0 363.0 415.0 329.0
223.0 299.0 196.0 305.0
196.0 305.0 177.0 335.0
177.0 335.0 206.0 374.0
206.0 374.0 241.0 376.0
241.0 376.0 254.0 342.0
254.0 342.0 245.0 318.0
245.0 318.0 219.0 302.0
372.0 134.0 314.0 145.0
314.0 145.0 352.0 214.0
352.0 214.0 417.0 195.0
143.0 276.0 108.0 245.0
108.0 245.0 100.0 264.0
100.0 264.0 139.0 298.0
91.0 225.0 92.0 224.0
92.0 224.0 88.0 183.0
88.0 183.0 70.0 173.0
70.0 173.0 34.0 204.0
34.0 204.0 60.0 233.0
60.0 233.0 84.0 248.0
84.0 248.0 57.0 261.0
57.0 261.0 29.0 236.0
29.0 236.0 25.0 202.0
25.0 202.0 61.0 182.0
61.0 182.0 60.0 144.0
60.0 144.0 37.0 125.0
37.0 125.0 13.0 155.0
13.0 155.0 39.0 190.0
39.0 190.0 64.0 223.0
64.0 223.0 31.0 246.0
31.0 246.0 27.0 210.0
27.0 210.0 21.0 170.0
21.0 170.0 4.0 148.0
